-320 -240
320 -240

320 -240
320 240

320 240
-320 240

-320 240
-320 -240




-60 20
-320 20

-60 20
-60 -20

-320 -20
-60 -20




-320 -120
-180 -160

-180 -160
-120 -160

-120 -160
-120 -240




-20 -240
-20 -160

-20 -160
20 -160

20 -160
100 -140

100 -140
140 -140

140 -140
140 -240




180 -240
180 -140

180 -140
220 -140

220 -140
280 -120

280 -120
300 -100

300 -100
320 -40





320 00
300 60

300 60
240 100

240 100
160 100

160 100
160 240





20 20
200 20

200 20
200 -20

200 -20
20 -20

20 -20
20 20
